
//Changer l'idée des caseTerrains

int tab[24*24];

tab =
{0,0,0,0,0,18,14,14,14,19,0,0,0,0,0,0,0,0,0,7,7,7,7,7,
0,0,0,0,0,0,13,11,11,11,15,0,0,0,0,0,0,0,0,7,7,7,7,7,
0,0,0,0,0,0,43,11,11,11,42,0,0,0,0,0,0,0,0,7,7,7,7,7,
0,0,0,0,0,0,13,11,11,11,15,0,0,0,0,0,0,0,0,7,7,7,7,7,
0,0,0,0,0,0,16,12,12,12,17,0,0,0,0,0,0,0,0,7,7,7,7,7,
1,9,1,1,1,6,0,0,0,0,0,0,0,0,0,0,0,0,0,0,0,0,0,0,
0,0,0,0,0,2,0,0,0,0,0,0,0,0,10,0,0,0,0,10,0,0,0,0,
0,0,0,0,0,2,0,0,0,0,0,0,0,0,0,0,0,0,0,0,0,0,0,0,
0,0,0,0,0,2,0,0,0,0,0,0,0,0,0,0,0,0,0,0,0,0,0,0,
0,0,0,0,0,4,1,9,1,1,1,1,1,6,0,0,0,0,0,0,0,0,0,0,
0,0,0,0,0,0,0,0,0,0,0,0,0,2,0,0,0,0,0,0,0,0,0,0,
0,0,0,0,0,0,0,0,0,0,0,0,0,2,0,0,0,0,0,0,0,0,0,0,
0,0,10,0,0,0,0,0,0,0,5,1,1,3,0,0,0,0,0,0,0,0,0,0,
0,0,0,0,10,0,0,0,0,0,2,0,0,0,0,0,0,0,10,0,0,0,0,0,
0,0,0,0,0,0,0,0,0,0,8,0,0,0,0,0,0,0,0,0,0,0,0,0,
0,0,0,0,0,0,0,0,0,0,2,0,0,0,0,0,0,0,0,0,0,0,0,0,
0,0,0,0,0,0,0,0,0,0,2,0,0,0,0,0,0,0,0,0,0,0,0,0,
0,0,0,0,0,0,0,0,0,0,4,1,1,1,1,1,6,0,0,0,0,0,0,0,
0,0,0,0,0,0,0,10,0,0,0,0,0,0,0,0,2,0,0,0,0,0,0,0,
7,7,7,7,7,0,0,0,0,0,0,0,0,0,0,0,2,0,0,0,0,0,0,0,
7,7,7,7,7,0,0,0,0,0,0,0,0,0,0,0,2,0,0,0,0,0,0,0,
7,7,7,7,7,0,0,0,0,0,0,0,0,0,0,0,8,0,10,0,0,0,0,0,
7,7,7,7,7,0,0,0,0,0,0,0,0,0,0,0,2,0,0,0,0,0,0,0,
7,7,7,7,7,0,0,0,0,0,0,0,0,0,0,0,2,0,0,0,0,0,0,0}


for (int i = 0; i < 24; i++)
        for (int j = 0; j < 24; j++)
        {
            elements.push_back(new CaseTerrain(tab[i*24+j]));
            elements[i*20+j]->setX(i);
            elements[i*20+j]->setY(j);
        }
